5 4
0.24129862006545444,-0.35731278549226136,0.21542637407069284,-0.43839695232874515
0.15572840486398004,-0.37404406907138105,0.08607378774811392,0.30916727398533456
0.31737581864121567,-0.4127039292309683,-0.3430662840421176,0.17082903799032192
-0.4207039091858849,-0.2962135231331617,0.00781057887101988,0.07540366026687095
0.09849321197501767,-0.4419866329894406,0.290486803537733,0.3627949434392977
-0.47648325515071055,0.36860149350581267,0.4881208230387439,0.08028472657414838

4 3
-0.2624999417819263,0.3431819360299521,-0.5184031928986931
-0.44215934441181304,0.052098017861079655,0.40729352456002377
-0.021149806653324665,0.20604998737267022,0.246979160404161
0.24950590651889704,0.2217109284954527,-0.09822363524869669
0.007832060390945313,-0.01538375965129668,-0.4266024386193936

3 2
-0.2571142765337499,-0.3809146181679333
0.1220696206468102,0.38488521209406623
-0.2129595490434636,-0.29639932415643067
-0.16050247176979504,0.09280739373399671

2 1
0.18406983786203102
0.3256238744187093
-0.35894613147742116

