5 4
0.23672076434722322,-0.34757813864109466,0.22490220474612377,-0.45748165834583276
0.1532589760954729,-0.36870104285798233,0.09130104434687225,0.2987989719216583
0.31510199330693633,-0.4078837873899879,-0.3383784803732822,0.16136213147937362
-0.4234150861976421,-0.2904334341776461,0.013441322425467916,0.06409007353245333
0.09613262898515784,-0.43698134765014895,0.2953559807961309,0.3529660280289444
-0.47873225401573727,0.3733502658818376,0.4927356897902072,0.07093821063742822

4 3
-0.20912473853603908,0.3402694287958248,-0.47198776197749903
-0.43705718072238187,0.05178896749261752,0.4117304290144449
-0.021149806653324665,0.20604998737267022,0.246979160404161
0.2759812897356404,0.22031074800749106,-0.07520062672901406
0.012605726472351364,-0.015689940197210817,-0.42245130133086595

3 2
-0.4337282914127508,-0.18622705872935352
0.12201433923576321,0.3849461506498566
-0.29270095877657965,-0.20849769042839283
-0.16050247176979504,0.09280739373399671

2 1
-0.358316727601835
0.3256238744187093
-0.35894613147742116

