10 20
0.17376877671555335,-0.34069695134010103,0.11014654188276041,0.19537823456322467,-0.0009280050146419638,-0.16009029402782726,0.2919810053271815,0.2549331867143527,0.08664187973383164,-0.3237992146002767,0.23338778788287762,0.0023414505832264343,-0.4880802360837092,0.20358820726976612,-0.09133844110970879,0.40158485305493063,-0.3389518838709785,0.06693923132234314,0.19460447603041486,-0.08577163097196527
-0.34796334504993875,-0.05642265734992613,-0.126221821996774,0.3088448607114247,-0.40001193420728,0.26825066052658764,-0.3779785784704167,-0.10285810353214953,0.3329859751500318,-0.10139560337180309,-0.264617436705916,0.20562348937908326,0.20553370571524454,0.3809312125757348,-0.06250000296123537,-0.41466734369288183,-0.42159334207388977,-0.09966229876140964,0.3840589824597148,0.4261981690093324
0.1713436061159257,0.1276814325395509,0.15262132613463775,-0.07379026079821982,-0.11430747128875718,-0.0007163165938035565,0.318812977182259,-0.31857060598523157,0.38609378787004667,-0.40844125978998047,0.44154066015374294,-0.3417915564970906,-0.3185027502034451,0.20261837425206985,-0.36895345583920536,-0.19769282955744827,-0.45623104522068203,-0.23017553132441082,-0.17560131768300435,-0.32685231268732684
0.0696217227915158,0.10604627036999403,-0.36317273620920143,-0.23767315947890677,-0.07033513307462491,-0.41242455276927636,-0.37015122263828226,0.184106171149934,0.3973251203757332,-0.17633904431431335,-0.08819064994180714,0.34491506628369084,0.36719962161082087,0.09684171294970889,-0.3816186872054005,-0.2233090443285103,0.48484526721684496,0.18009877133295904,-0.4459574798020328,0.2743774060150882
-0.02652085540039617,-0.10466393818089426,0.14858482205885737,0.26554405797371927,-0.43743265497561,-0.22602372750890432,0.39732482987687956,-0.47550228185794974,-0.06705716080623292,-0.17028523659195405,-0.3410986857751239,0.45088748596249095,-0.45713356098659463,-0.4336848291094566,0.4872662610897458,-0.2333038450704561,-0.38431135483491463,0.2985030323949791,0.03875411009346674,0.2831235515484274
0.4129862402722927,0.3081587934692045,-0.40817925883689865,-0.14163069580232024,-0.42584918598507016,-0.3536732337766606,0.39874069577694415,-0.07031495099791274,-0.16618049282817138,-0.49376650567219715,-0.39710806404021626,0.27319852295355973,0.11754144082483531,-0.29229247407456616,-0.1849856759018228,0.016870309860139265,0.33534282602123966,0.4665031905674486,0.16210303600715203,-0.04822314326764787
0.33048052176955045,-0.48594444848445273,-0.2928616409397423,-0.35979788912942745,-0.09577452906518713,-0.27076685452882476,-0.3672577744867288,-0.19077260331686963,-0.4226598857328462,-0.4291311045389036,-0.052349310818693096,-0.2825019019997572,-0.040721457157849694,0.26193441418319363,0.32964383598342295,0.4532416362041398,0.2746188367438751,-0.011683091718201699,0.37281035794880646,-0.067046619620867
0.2707725817745408,0.3456133174184638,-0.3636266228894738,0.06361201336769173,-0.23002816780313695,0.10643763861404898,-0.21099875180181193,0.26342223267815934,0.4633435881728628,0.010687237292030471,0.29746985937548576,0.43106704522577965,0.00959535859706473,0.34038449760770706,0.34704076594092415,0.1475032843651216,-0.3856882483269394,0.19250734433045247,0.4791684238855004,-0.36584608297188514
0.43058186142765875,-0.1881719062203443,-0.3742705103795194,-0.3894185965357806,-0.15390815450956508,-0.3394818567909702,0.44472855617408635,-0.1188357959343096,-0.062481202646543665,-0.42756498241298546,0.33467085200775115,0.07292683816049528,-0.4094143342341229,-0.08894102714416718,0.43188722957412706,-0.18012045916976904,-0.14368924477474943,0.15837829601047182,-0.46921257994792376,0.024737075359530847
-0.14624423675255682,0.38055208485124004,0.47234870288095654,-0.18162559483948382,0.2798645137666306,-0.030073013071613586,-0.0037783046578308,-0.33865831014020864,0.32823875556378534,0.034719453254531185,-0.04478520391727314,-0.49798987734956945,-0.04255779884067845,-0.37214753887351426,0.008523379671772746,-0.301061460801353,0.19736883955797924,-0.045858863741031874,-0.3055237821233835,0.3025624428982566
-0.178687774013622,0.11635737798647494,-0.18345594868889226,0.09112543046067245,0.18041838185585912,-0.2684922337047543,0.33970045580611696,0.34599166092367406,0.31769197043145514,0.30529394294714585,-0.031056266057965187,-0.21027286649358945,-0.24560628109815297,0.018497656521104244,0.47534609662322946,0.39593945450838186,0.2206741078602229,0.17530696209487062,-0.45457161763220955,-0.1962327194568687

20 10
-0.47138518040423727,-0.38264580329096975,0.4316355197958468,-0.32575213923475466,-0.05728418205796615,0.13502221378324863,-0.3016582081979634,0.0505630209945378,-0.1705823646236978,0.4724579011779544
-0.4983754040924293,0.27890444271819614,-0.4631969594903388,-0.16778281197434508,-0.2822434466280733,0.19755045526188664,-0.42373774813104126,-0.016853844462729972,0.12315305101093355,0.37727251833016906
0.2196646961345965,0.14946440390794025,0.2194908799433286,-0.4476814961386899,0.21436223264965548,0.4190026433747207,-0.16888522359293334,-0.3588878449702406,-0.22130040316473554,0.41519915249503847
0.2604931261467721,0.029329921417746707,0.0645953743861224,-0.09981038586447222,-0.36967356971165377,0.29658010978997773,-0.026311183437421448,0.14776020401634338,-0.29772946240525533,-0.47989501492789755
0.3653894133597294,0.36296581304364284,-0.22334234115492835,0.2880997484167228,0.2749068666091913,0.09600253459466024,-0.35898210608387426,0.06172025792643365,0.20258050133224426,-0.0008698063431987757
0.41886635847686027,0.2228746880933581,0.40531426254842706,-0.2779847686709783,0.2259433617180412,-0.3131859909907646,-0.19585917645736994,0.41806008684389595,-0.4300594682179668,0.05660565491690861
0.3810131240091673,-0.2794458090054035,-0.4106084583386864,-0.10141435879578486,-0.07093551223679673,-0.3840903980787421,-0.30140976133123343,0.22211844672526304,0.10036350523971538,0.28937955587869235
0.06747244418990639,-0.02392537360773206,-0.19324152819585916,0.383363770429178,0.33873192386721485,-0.3575640028847644,0.07924303583538295,0.44393768298074354,-0.47158911176904683,0.1943327266832724
-0.2868792767274272,-0.44654822362206914,-0.08570660265168206,-0.4092241864561206,0.0690187036012051,-0.20814308290920913,-0.24617123448452138,0.006510615044033385,-0.21198231147177826,0.290816964349183
0.2764208731269914,0.08551646330769513,-0.4704198800760827,0.017186639655584535,0.12511302955257786,0.018134501659217706,0.40407365744776214,0.27658360857563735,-0.10537751040979315,-0.2347032381455073
-0.39874255236851364,0.20503198656644772,-0.1998479214966442,-0.02401607940600403,-0.21712967361400204,-0.013782312428960886,-0.2680568269777933,-0.2586812850967243,0.29020386780192764,-0.4349952497821866
-0.2209486437680317,-0.09093925602175812,-0.14758510104019462,-0.2670536612699388,-0.41954441397396103,0.4935037729530053,0.3604408952161887,-0.4929310613755802,0.23079588017179964,0.3910239993302804
0.20802612479004523,-0.10916056090649551,-0.26587438807020214,0.35542131431765256,-0.41451500821669507,-0.09008080915405958,0.4105569159362744,0.09717997839288162,-0.4798158099369345,-0.48709192171974336
-0.4853023602260713,-0.08094895323443563,0.0009545584919288252,0.3231444393726781,-0.10061026455579769,0.05425945320334791,0.12695847740402066,-0.3868118872236729,-0.31277249624628356,0.29111368928550285
0.38459725303668546,0.4949744060620699,0.3593608099501766,0.15904238733271003,0.2581620081371866,0.0626807987150132,0.30062215903270806,-0.4892405287842727,-0.002781053235720976,-0.1697084772117372
0.47329644943811444,0.3577199990441502,-0.11042148855720013,0.4461190735836944,0.15995614375284906,0.35741476734416644,0.10998331913324699,0.1362495510691487,0.3847085062470279,0.2388099981619436
-0.3424383812253048,0.17905918494075368,0.18185961289689356,-0.1480366438706362,0.016377934269850236,-0.04696737687843222,-0.4113738353437679,0.44859137401579374,-0.43067324089558323,-0.34636010486893387
-0.17666943241695166,0.28256249635629127,-0.1928149606701952,0.04951124611363589,0.2505706536865634,0.45277124068560026,0.3766552917866226,0.45110728618058016,-0.2684666210018355,-0.47512597765497033
0.16802738478177603,0.21877950297210225,-0.09156681742368322,0.46427094719208906,0.0817732967603243,-0.21541830394457606,-0.07198830207944984,-0.18248530809048225,-0.49720369119084074,-0.3307812406632821
0.21302355441097431,0.3913518115102669,0.26854418192274765,0.10599100252997096,-0.4202124952028673,0.2619395151335947,-0.04646896430891545,-0.1833986800898486,0.034098355443762274,-0.19924489669251433
0.044745906232482535,-0.37026038537791905,-0.1638671056593467,-0.09165609791947393,0.15889617027109826,-0.2981125929513122,0.3314068567635904,-0.3746007278318698,-0.26888157560093007,0.1044561299362452

10 10
-0.3008276683713591,0.43133712132897306,-0.4222773578359541,0.32838555466356856,-0.050314526279670924,-0.16386822591117,-0.3163197529037133,0.009182250305984851,0.24578541151362598,0.1418356264153443
-0.012442597353590323,-0.15319435385307412,-0.36525011457505074,0.2519607873220351,0.10496928044030718,0.213413009121729,-0.1290272752025844,0.23425488023745222,-0.11266586951841129,0.1250426485757774
-0.14717048708222302,0.22631357976736666,-0.10625289398281212,-0.06193827107210015,0.48704451591875786,-0.1271295298530617,-0.3621308390497917,0.1380427516021131,0.37421559326173337,0.32194669754434446
-0.25086356590995407,0.4012733292946593,-0.0128260802553688,0.39481894897470093,0.034736190570339276,0.2565967981020255,-0.0011220561673804808,-0.054954437296839465,0.08408482295119024,-0.4608572353751279
-0.11557943534470039,0.19083181773303692,0.10291393875894161,-0.30531632531368014,0.41040090263546547,0.4831984888753482,0.14049116751716473,-0.041845645675118615,-0.15486407608866648,0.4737195545659968
-0.24729459285753663,0.13148541519992551,-0.4292689805405244,0.04846036149370525,-0.09644146983845447,-0.23104282500370543,0.23657098640070584,-0.010328387922002302,-0.4764202385624673,0.364156141130474
0.07571631049153793,0.20414084354006345,-0.2610287636174875,-0.4375386936208151,0.4078519927712172,-0.4999743877422338,0.35021618065607296,-0.35704976285362533,-0.038825350015024185,-0.3542359963825863
-0.39870265861506793,0.3934168048216121,0.40095938813123255,0.30742393086448294,0.42944275183795133,-0.23568467802918125,-0.23494947348856643,0.42665032748522747,-0.3933346310066813,-0.3845067948368921
0.3662029505906853,-0.21604333455356906,-0.030753309853662758,0.4564204758613496,-0.4659331975575479,0.06831028040510023,-0.0286775239299234,0.18992151640831956,0.23183891237066623,-0.1948620034945585
0.38713565877710354,-0.15553402137438432,-0.3634448291061052,0.4859380978807062,-0.2050794735790109,-0.006797701812227608,-0.1875101230862246,0.34002976161007636,-0.40241845393811093,-0.08131610124012956
0.0870873839776185,0.09483146169591039,0.30035697495969904,0.31728710096875257,-0.3133393494089797,0.14881732332875686,-0.0362727517227428,-0.3563571541804277,-0.057280631225303025,0.3187649033689026

10 1
0.264684104925364
0.42659766448358527
-0.23402539976168502
0.2720336160157505
0.3044966899636563
-0.3902238513662435
0.08642520719145907
0.11901823836711856
-0.39709383074665505
-0.315199081797785
0.3075516573820396

